POS = 120
NEG = 150
Precision = 0.8818181818181818
Accuracy = 0.8666666666666667
Recall = 0.8083333333333333
Specificity = 0.9133333333333333
F_score = 0.8364842454394693
(234/270) (classification)
